x,y
209252.02258002196,445134.6674084907
209236.2846113329,445119.2204840087
209236.22392826914,445142.9809426792
209245.23640617038,445151.82852373464
209254.2545332062,445160.67257714336
209263.2733937141,445169.5217340039
209272.2943559301,445178.3731274577
209295.0649826018,445176.90043712116
209286.4577897046,445168.45461556263
209277.85046965748,445160.00696232094
209269.24053777548,445151.5619890739
209260.63177408912,445143.11307998275
209243.90033235893,445126.69488362
209252.5172310909,445090.69417876477
209306.7246719378,445132.2804147917
209306.20765672065,445155.58494084916
209314.6355508878,445140.04712894745
209322.5505495884,445147.8070581926
209256.92590970892,445107.1729510088
209265.2923948367,445115.3945971695
209273.0891976774,445123.0572033569
209280.8749712752,445130.7086820415
209288.65527532646,445138.3510967974
209296.42701606068,445145.9893821145
209266.51640459945,445092.8406565596
209274.5748240943,445100.74792977254
209282.63445295347,445108.6506541474
209290.68915995205,445116.55053165735
209298.74018865038,445124.45018156
209286.07347427102,445079.64570820925
209329.15590359384,445098.25383240567
209319.2310220119,445088.51940060983
209280.90820306446,445050.88989709114
209309.0537004398,445078.53419755265
209338.8717449159,445107.78382953
209347.57872201208,445116.32638523035
209335.38217086229,445128.18756463326
209327.7510830699,445120.6935211376
209320.11804904643,445113.206912916
209290.16264229704,445059.99994913506
209299.31533849065,445068.9801888813
209311.15796836826,445104.41740091256
209352.5375445218,445088.97493350843
209323.72888582398,445036.8912322119
209334.055063289,445047.0247726621
209343.66997652774,445056.45793100586
209359.2107614346,445071.7013438336
209368.995630712,445081.2996972305
209301.1968665206,445038.6106038846
209310.89825097474,445048.12654479593
209320.40828381712,445057.45685022965
209314.5201668424,445027.86005535995
209351.44211752224,445064.08019231807
209341.5486422032,445078.19400770805
209330.561742375,445067.4155772401
209345.81161389916,445026.3352861968
209362.35365033083,445042.5590727231
209369.9917683562,445050.05319725006
209389.07117644072,445044.9572919238
209369.57467446,445025.805471846
209359.72169088636,445016.16329942265
209392.62311466088,445072.2568270274
209377.6103527687,445057.52923172707
209378.71904980185,445034.82382605347
209385.21382812917,445064.9913630858
209349.435506608,445006.06984637777
209354.70608973407,445035.05654448835
209326.69683163136,445007.4582858092
209399.1084074252,445054.80322566186
209335.67966634408,445016.3952641575
209360.71486069812,444984.9150188018
209388.96438603452,445012.6283123472
209412.38961167738,445035.60531914124
209400.46893536547,445023.9115467022
209369.38984573082,444993.4251598877
209378.6601388204,445002.5196380309
209369.057887461,444969.277211179
209377.24074160267,444977.30667658243
209385.42317550475,444985.3343376266
209393.60771622337,444993.3624332555
209401.7934085859,445001.39151393564
209409.97646407865,445009.4207200962
209418.16071573284,445017.4490255129
209426.35030466414,445025.48480742757
209352.38238387823,444976.7528659207
209401.5486349455,444969.1007726265
209415.51165045227,444958.81044920743
209425.079767732,444968.1942969347
209436.19933751886,444979.10136750614
209447.31911576976,444990.0098376406
209383.4240869055,444927.3332570098
209391.4519600109,444935.20533279324
209399.47127959965,444943.0740898521
209407.49005803483,444950.9423210532
209393.44353309544,444960.97922105924
209385.18577884382,444952.87671886774
209441.32135182305,445007.9389757474
209433.41408617084,445000.1841265444
209425.50658502264,444992.4249758623
209417.59646890988,444984.6663509927
209409.6826933401,444976.90798576
209426.32273220317,444939.0070740905
209446.0718210546,444938.09208687843
209420.30837384236,444915.0770068777
209407.98841909194,444904.07086473267
209415.92379792893,444929.28726297483
209403.95457553977,444918.0977720002
209436.16205877668,444948.20448429836
209445.56930402695,444957.010551921
209463.6880890437,444973.95367373864
209454.73874362983,444965.5826438739
209419.4629518456,444888.7602635094
209429.21680358113,444897.50317118637
209468.63865029844,444932.8215915141
209480.32835941872,444943.295931853
209495.4063399079,444936.4393334285
209461.96005080914,444907.50838773075
209448.87016625341,444896.15594580246
209504.78916633644,444944.55184203247
209458.48428102458,444923.7259537896
209438.97459096066,444906.24366362975
209408.4035368919,444878.56421588454
209419.9581480754,444872.1894975116
209630.84451499823,445096.0792299648
209638.89015635342,445089.2194385193
209566.14341467866,445020.1099115099
209585.7187156773,445041.1713956409
209556.50936007296,445008.97603702574
209593.6193367619,445032.31971175276
209608.7416764788,445061.6782906416
209576.4884778719,445007.7000858646
209585.19392527602,445019.0661311299
209576.4640406643,445030.2302590439
209596.16435350172,445053.0400328735
209602.22801260004,445045.5511239792
209580.6991640645,445088.40797054116
209509.09739972232,445018.41257151484
209518.0095515028,445027.26607308444
209528.3340723318,445013.45615107263
209536.6533181585,445021.6199669465
209544.97356375944,445029.78162656893
209553.29092088775,445037.9420323426
209561.46855030957,445045.9537798021
209569.5033937731,445053.8519714967
209577.5559781991,445061.7417087823
209585.59468691965,445069.63050430163
209593.75708865531,445077.3542546451
209548.40350868183,445056.9796205862
209538.04984613202,445046.82041640655
209527.74040094292,445036.6144102854
209557.46394621467,445065.8708356362
209572.71998137707,445080.8400265748
209565.13949555892,445073.4005054962
209519.808323475,445084.98157037114
209529.50156661568,445094.49140413175
209549.1634438104,445113.30135549314
209561.7359184313,445102.37856015115
209551.7739654119,445092.52341955114
209541.92010815252,445082.8517713907
209532.2023575343,445073.3176613828
209522.48835294388,445063.7820496357
209512.7749375466,445054.24563544063
209493.34106513904,445035.17092111945
209501.74416043842,445067.24797471444
209482.9049820679,445048.76080478786
209510.44521190829,445075.79219947226
209539.03950824655,445103.8501580012
209501.12928303538,445122.6753033113
209519.6165845792,445140.3693450198
209522.25461009573,445119.58032609086
209512.4383576905,445109.9451138713
209532.4681082374,445129.6923954125
209480.74369229045,445078.8465626736
209490.46455811168,445088.38542493904
209509.46019439495,445130.8550010066
209456.0683442681,445078.451742548
209465.70953979852,445087.9157643414
209483.55081649276,445105.43504324305
209493.58978673723,445115.27549929783
209473.9214898374,445095.9532987974
209499.58858598254,445153.5177774165
209489.88515907727,445143.87994820764
209453.5569842024,445132.04813979456
209427.74463805286,445106.71032383846
209436.35189053701,445115.1529918442
209444.95190750607,445123.60276558873
209462.15899497832,445140.49611771735
209470.77210197813,445148.9331976468
209479.37298199238,445157.38176518044
209437.40499098235,445092.3725619446
209447.12093096692,445101.91165633296
209456.8400601555,445111.45003307745
209466.55934693213,445120.99053794966
209482.4566017282,445136.59309501713
209475.09783891658,445129.3719853854
209447.01397680803,445181.6708567393
209457.6229765586,445191.70885424316
209469.81269743695,445180.2862506592
209458.5939814663,445169.2160122058
209440.77322078886,445151.72661580466
209411.69873218887,445123.193910947
209421.40942293868,445132.725594296
209431.11981827713,445142.25531503063
209449.7991718752,445160.5857061474
209438.53686944637,445173.35818045074
209404.7116964277,445140.1630580754
209417.61495552253,445152.8266122872
209379.23668532958,445171.2096976667
209388.665,445180.45999999996
209405.41122029003,445196.8938160082
209440.54755239672,445207.6465530806
209417.32299864804,445184.75930373167
209400.58000000002,445168.33
209391.44213639956,445159.3666637783
209397.22999999995,445188.865
209409.1453103845,445176.7348073055
209382.97303958848,445151.05512808164
209425.1113897422,445192.3983963309
209413.20373090214,445204.5314047665
209420.6991987135,445211.8907023034
209432.82408893094,445199.9686544721
209407.68178447368,445231.42193541455
209397.97437670326,445221.81564083387
209390.53970334659,445214.4903726888
209364.01534475206,445212.31229158386
209381.4110244989,445229.3840725363
209389.5235621843,445237.3441416701
209354.9941916776,445203.461186876
209372.82092334537,445220.9540656341
209382.54315211633,445206.6719442442
209374.49427928933,445198.7784520106
209366.44592577906,445190.8820145844
209358.39776348558,445182.98511995934
209370.40157916612,445274.65230540204
209381.14792941845,445261.3652295974
209372.14087672016,445252.514268488
209363.5115353788,445244.05350387096
209361.33055704102,445265.7247321919
209332.62999999998,445213.76000000007
209339.9859491963,445220.9791945646
209347.34341334808,445228.1915291756
209354.69584402553,445235.4090979614
209424.073007916,445276.58869878267
209424.44300090306,445248.6671174042
209437.2067358148,445237.78944441787
209471.54159018307,445208.51117559697
209432.9326673836,445264.8330240209
209482.80501039568,445222.30998878623
209498.0370876434,445213.228694732
209447.11510054304,445229.321137365
209490.7354393196,445203.88657491416
209482.94760617288,445194.7146417392
209416.74986182744,445267.6021168082
209409.120646644,445258.2639444814
209442.17677053998,445256.9547654948
209455.54810917843,445314.04027108435
209463.11355179275,445322.5472123323
209457.66350983767,445291.99918114993
209493.06640166533,445333.480549757
209472.10433717666,445308.91860831087
209465.40907338308,445300.9384568967
209471.0794792723,445331.5013504114
209479.39911339572,445340.85331673734
209448.40820472426,445281.5294567565
209446.60820117072,445303.9753000446
209436.26093840136,445292.10330581793
209501.72368588223,445310.8330584396
209491.0884501429,445298.01715663815
209514.86720649406,445302.863337157
209505.6289160137,445291.47935628257
209496.3650324022,445280.0073381008
209487.14137885047,445268.5031726006
209477.54778120606,445256.9636487934
209482.58084045313,445287.77127768076
209474.24578763804,445277.7246204932
209465.52490804472,445266.85866114404
209523.5230249586,445313.5796046515
209491.65343703644,445239.6930096247
209512.6703450304,445266.1438147044
209532.06714322462,445290.1500151576
209532.7754820397,445267.2831315235
209541.84389839348,445278.52993705083
209523.0595852483,445278.9984989224
209525.52267653556,445258.11734368734
209518.22175213453,445248.9813765316
209510.87767604936,445239.7971680393
209503.2007739133,445230.4523355929
209557.49614006645,445298.10850842495
209550.63936530158,445289.5340672055
209500.91324214573,445251.5857001898
209540.3819669583,445300.44377013
209551.3720951148,445257.1633077305
209538.33134105342,445240.2220304587
209527.5915598315,445226.2129221311
209552.4205457295,445232.6212425379
209538.9524589428,445214.7763115876
209584.18617494643,445274.9398303524
209575.22327587428,445263.0053362907
209567.7484302746,445253.0355820105
209560.2827626679,445243.0982680653
209562.61644532098,445271.6861643106
209520.1017672791,445215.9445661611
209501.13718349024,445183.59741358995
209527.13,445161.12
209578.0437523679,445116.83254241
209513.45980670536,445195.9198148948
209544.55585349767,445169.66584640334
209564.6518375705,445152.53448873066
209585.2288161715,445134.09955042624
209524.0720336125,445187.1298342037
209534.44166900078,445178.2871760406
209554.41457328282,445161.26271309424
209509.7306067056,445175.95564236125
209518.9087417877,445168.1311303111
209575.26076590893,445143.4853963537
209549.70410949504,445141.8767170113
209557.37137600093,445135.3391445632
209567.24375359528,445126.9236954221
209542.05881709605,445148.4042841583
209534.39667145995,445154.92728524044
209595.65213857417,445240.8729158779
209573.41814684364,445210.559436489
209557.33540392717,445187.95370539924
209619.2257965663,445197.49881508714
209645.676632571,445235.9553949618
209636.4302362271,445222.54612800945
209627.19292453994,445209.0863280616
209612.5513552974,445187.7854734336
209605.68238932762,445177.79669698444
209598.74784227248,445167.70837104454
209591.72970627475,445157.6877782204
209631.66953550233,445242.19244220137
209624.00456618005,445231.27286780044
209616.51906345785,445220.6101206004
209609.09906622945,445210.05248844175
209601.75980266664,445199.58743433823
209587.44945231758,445179.20937583275
209580.17314251547,445168.3343377574
209608.55659367272,445143.17482226435
209647.2156963627,445200.68312514137
209640.23176630435,445190.3799643248
209633.93768212353,445181.0816994252
209639.2460113558,445161.2073343832
209631.85687894854,445150.07203575526
209627.67303725576,445171.81307440356
209618.27291212374,445157.9099145912
209646.9661011863,445172.80224675976
209653.52018808463,445182.71631051606
209666.70326694034,445202.57199616736
209673.27955276056,445212.48231194227
209625.93565425283,445141.145823565
209620.13458241778,445131.97572938184
209654.47907658803,445211.49168163695
209661.4684884643,445221.83728061954
209672.22269420183,445171.8272042771
209658.75141462838,445151.25075662485
209645.54526989712,445131.0928804781
209704.75306120698,445194.1743376631
209684.98709904,445163.58153805777
209671.59330899065,445142.89685250475
209653.93016793006,445115.58308198967
209692.18300096015,445202.2907585902
209685.5173756492,445192.113947327
209691.64042331252,445173.8850497592
209665.460372131,445161.4594110015
209665.08998397947,445132.8378848836
209678.9228162534,445182.0420445821
209698.20238942228,445184.03689917247
209652.14940334804,445141.16868057253
209704.00322260967,445155.04709264677
209716.11452100708,445173.7568295065
209696.82567837398,445143.96180905186
209689.64825872667,445132.8752841728
209682.4691885122,445121.788028883
209675.29105597927,445110.70369354484
209750.92273943115,445231.97358876275
209756.37984938308,445242.74991860497
209761.98696453313,445253.8164069885
209773.68019873786,445276.8894868083
209759.68574383622,445323.67479202757
209737.41355206879,445281.59499739495
209731.68008601727,445270.65215891995
209772.56214730087,445317.40810726327
209760.43044140286,445293.8595759336
209738.84629586528,445252.6840897861
209746.16139590828,445266.63978011056
209753.47630640224,445280.5941161
209725.44888290123,445258.768274701
209766.70371431694,445305.8271885394
209753.62738620266,445312.52717383165
209748.1962762711,445302.1643234441
209742.765378884,445291.80699566077
209740.26376953462,445331.55238250823
209732.7760628684,445317.00221206044
209716.68310438129,445286.24704685604
209727.4331276267,445306.78700902435
209722.080968731,445296.56716035615
209711.22955375025,445275.83001590776
209705.77402642407,445265.40439839987
209677.29363592094,445316.98066198744
209671.43271813248,445306.3041133811
209665.57332121034,445295.62603006454
209690.0764378864,445340.2734090505
209683.50870682948,445328.3061466785
209681.13989597085,445366.46095482
209651.6529253488,445312.4665346596
209675.25008312005,445355.4347432113
209669.330355741,445344.65180093696
209663.40665072337,445333.8694770729
209657.4860196324,445323.0886253874
209660.46252575165,445357.4769014102
209654.07058409552,445346.1081325583
209647.78809067415,445334.92543524416
209641.60964237998,445323.9217024117
209635.52293225517,445313.0932477234
209645.90677861363,445302.0079065213
209607.95236164881,445335.6237837635
209620.53890908355,445356.9041523472
209636.3953557719,445383.42054268235
209650.01982366588,445380.4833075096
209632.75359882132,445350.08265243925
209620.75749001926,445329.2046908867
209627.56819090797,445368.78857976745
209644.3346974309,445370.2485977838
209638.64708471682,445360.349793984
209626.64531204238,445339.4508188276
209614.30557025806,445346.365857323
209590.08850915023,445345.3742990413
209601.19671557666,445390.2228991948
209594.47804132279,445379.4836223464
209587.87766793466,445368.9309511492
209581.3586109753,445358.51026678353
209609.67454225462,445377.51446759613
209603.65508720453,445367.64081344125
209615.68518804945,445387.3793982073
209586.02169312155,445403.36358426366
209575.02110628318,445386.1798505276
209568.39179842643,445400.9910409286
209546.62479418766,445368.3275038856
209568.82102722125,445376.5041633989
209562.63037425125,445366.8396765453
209493.10818755438,445407.9938812057
209503.63905462305,445402.2758426434
209513.37077738004,445396.43587989465
209522.8416033571,445390.74283151806
209496.61297173053,445433.6964035313
209481.78582560888,445423.9318459251
209641.13962869454,445408.71527021984
209676.62347841653,445390.6919994288
209690.85788252228,445383.39375919354
209702.73879094876,445377.34314267925
209653.0230513357,445402.6678005315
209557.5981653992,444801.1260725033
209565.97860199423,444808.5782056181
209583.3689168059,444824.0415470787
209594.7408828045,444834.1526041937
209511.9398866849,444760.5298742186
209574.72773263446,444816.35693790653
209549.58301533546,444794.0062808263
209598.78119381203,444809.13636746845
209539.317072678,444756.2581576036
209560.50946597464,444754.53014439886
209578.57014809822,444770.59472155094
209597.25827943234,444787.2120321253
209617.24188114287,444804.97968321474
209607.66041401663,444796.4649321694
209590.49427342354,444801.76579663117
209569.82133812347,444762.81415478245
209549.90896924154,444765.67655860994
209560.31917551323,444774.9354157819
209550.7252906867,444745.82988529507
209540.6196340718,444736.8408176957
209587.25734846387,444778.31739654305
209529.50999980085,444747.5355255351
209530.97193697913,444728.26104907197
209629.1049993515,444786.9480796939
209612.88662305754,444772.53040948947
209591.47321596023,444753.48157595197
209568.03240629367,444732.62450117373
209545.98598440507,444713.0210731497
209566.6023510344,444710.7826538172
209578.15823988192,444721.0670570368
209601.59509532043,444741.9092795996
209623.01123927924,444760.9564969697
209639.2266022183,444775.37738118786
209589.93303468128,444731.5310789962
209620.99355920387,444779.73621353856
209631.1147422285,444768.1673409845
209579.79244851306,444743.1055288873
209603.04676523927,444763.7784513805
209613.17130958685,444752.2032371752
209556.5212969881,444701.81420988817
209630.04261055548,444738.59939003515
209619.87058065366,444729.54833806533
209576.53109195866,444690.99608993274
209568.41821245657,444683.78292337083
209560.37318073626,444676.62802843505
209571.59927816043,444666.03765782836
209579.64375916874,444673.1881907617
209589.0332937604,444681.53692761733
209599.2222144184,444690.60341865104
209636.635178558,444723.8900683484
209657.38382684608,444742.3489944573
209646.810396154,444732.9421785815
209608.46883579006,444698.82867558737
209617.7129179073,444707.0518507608
209627.45126205377,444715.7191357503
209584.709692517,444698.2730120137
209596.27463319417,444708.55865041376
209666.46814033424,444750.43508620176
209650.64965262215,444756.93450198026
209640.79030561578,444748.16036328574
209609.33578121025,444720.1764451235
209577.7259837563,444645.5327377215
209584.6631424444,444635.40015061235
209591.5752395483,444625.82631816826
209610.46821482974,444599.6856239599
209617.0304727497,444590.5967254382
209625.1959648338,444639.04006139905
209631.87082539048,444629.6374560583
209639.4244367781,444619.0046958398
209630.41147151278,444606.7752722514
209619.62120751978,444621.8878468036
209611.9410857907,444632.65255117195
209605.57141628946,444641.3002224008
209599.07882977015,444650.08782807016
209611.14486733347,444658.30304524704
209647.18204082554,444608.057395265
209667.92928953344,444723.12868110643
209658.7578603834,444714.9725256146
209647.16292605613,444704.6593074175
209629.60704621492,444670.8367237588
209642.96204246092,444653.761080744
209660.52613891405,444631.4762249549
209663.87996388148,444616.67967700155
209676.04807963755,444621.43638776237
209689.28392059787,444631.53364866547
209676.86329569592,444645.9517247477
209661.07919356014,444664.00547237333
209670.6877304318,444607.31013692333
209678.2291039475,444732.28599500295
209649.53215334014,444645.4088440446
209636.683899959,444661.8979151485
209670.6454160232,444705.273480016
209679.56886405498,444713.1452705475
209688.4357966238,444720.9627964384
209667.39418964722,444656.7867532942
209687.23994105772,444692.72636646306
209707.29524458002,444670.12001074146
209715.45752870434,444660.7953191102
209725.67160548887,444649.1228606694
209714.1847808946,444639.07640675793
209704.90529666902,444649.6851798491
209697.76574962836,444657.8423388365
209683.48549215012,444674.16060146975
209675.91174911568,444683.1381643608
209738.8510400238,444637.66098208615
209723.7899527834,444624.4887753033
209697.67150593302,444681.1131886265
209690.62707840482,444666.0039442208
209731.4981150289,444630.87148068775
209741.31450000004,444663.4895
209734.17479561444,444671.6496824783
209725.06247504492,444680.0887487577
209709.46212194208,444700.79622343386
209703.01595748437,444708.56527415704
209740.28062235995,444609.9800524122
209754.99240724195,444592.83228293055
209769.471055066,444576.28563414654
209792.59865225313,444550.04525702004
209819.473335711,444543.2700164259
209797.99555086234,444568.74243269063
209780.96184869885,444588.19015707745
209772.6016600368,444597.7598755189
209764.88308893627,444606.58502411237
209758.17398453073,444614.25125817064
209751.49284512663,444621.48165099433
209787.35751086025,444615.22647998185
209797.0687645849,444604.1256027381
209820.0029168201,444577.91896494606
209838.30980117613,444562.51440350094
209806.23044747862,444558.0152973917
209777.70649014268,444626.24935614044
209761.88802243496,444584.9523280739
209789.3924228525,444578.58919106994
209805.23878816274,444594.7910573257
209812.83450411932,444586.102227325
209669.46986264954,444584.015267817
209679.01205907087,444591.0788319004
209692.26249294414,444602.4661524864
209706.49379870968,444614.29008170473
209702.1416960913,444582.17874937976
209684.28580778115,444575.0047006722
209673.74190694012,444571.0938199406
209662.24178179025,444567.46140094317
209661.48924272484,444551.05542981316
209690.7189176999,444553.0058491199
209702.0996241178,444557.12301751063
209732.6310292971,444530.89775244426
209736.74924079704,444518.6197254165
209721.7016778615,444522.0715184069
209716.57141973998,444530.5298704979
209689.2620641124,444508.12755801954
209696.6546738342,444513.4922456563
209703.94624740363,444518.901598998
209700.0046388531,444494.8358044771
209717.8980276007,444476.710733516
209732.73636580457,444483.75217332365
209749.63392319082,444488.6966158499
209736.2838785058,444499.60602153704
209723.6941732489,444492.4106561702
209752.2996493581,444564.2693064322
209761.7275838881,444553.49755289196
209779.85495539915,444529.5742962999
209789.48341772778,444520.5411747901
209797.53412666128,444509.86717916734
209751.48795163707,444540.34009937185
209682.07880537026,444542.4307953368
209771.2731241608,444542.5808806031
209711.33273628767,444539.16453302687
209710.85616319577,444504.6184754409
209811.21971633463,444387.2815191409
209839.7672900855,444390.4883687742
209827.14335849127,444374.5992893435
209810.01714035563,444369.6919845143
209801.18115547337,444338.6098418201
209826.65549920587,444299.62916165387
209813.62359972854,444340.5042613148
209826.53052961224,444342.76719461347
209840.04421188473,444345.13903921534
209844.81031459777,444327.7964057496
209850.20148999052,444391.45361647103
209814.13796435518,444360.9247142756
209844.01867670214,444376.43917203584
209845.9327380757,444365.1374741595
209827.52011817443,444362.7199293261
209814.02283097993,444321.70417394384
209788.6501067924,444419.07429262507
209802.36050470095,444420.7068093735
209824.43919589435,444422.5894436288
209820.15899604856,444409.9778896655
209830.99529308904,444410.9402658113
209831.84037267815,444441.2077162382
209842.7459636507,444420.4067317962
210108.49772075991,444504.77079388325
210105.0381518728,444491.60610185773
210068.00785141555,444494.6766017705
210094.22983499194,444526.1300506036
210104.54108234367,444538.5016607271
210117.8716147585,444548.01750883134
210128.54884274292,444529.65756803233
210130.9809306619,444560.5508791986
210121.89285486453,444568.0147294477
210111.80954363965,444556.3960662774
210115.9142157653,444513.9940810327
210047.28344047477,444459.3821370952
210057.36543700256,444451.81062154396
210067.65713236132,444442.9754186745
210066.07044771596,444465.1630723406
210075.85267672065,444455.4122171911
210075.64946888428,444476.65406669234
210086.46063653106,444468.5756923234
210085.02044793917,444487.8929464418
210094.4206984812,444478.4385022493
210094.60124561164,444499.37636696175
210149.08557465379,444555.09521754255
210094.1031652189,444607.646786726
210068.04276778252,444570.90606375574
210059.38462394945,444560.52028397185
210036.044,444532.52599999995
210005.937502845,444495.7855299885
210020.91805130482,444482.29216018
210051.89938288112,444519.30010602897
210075.2395653114,444547.29477741045
210082.62981022766,444556.1555055301
210097.04475049616,444573.44533488
210076.13874010867,444580.61582461686
210104.61978697876,444582.530035058
210044.05460459215,444542.1352185825
210067.5542203153,444538.07568590296
210059.91316566576,444528.90736508835
210089.7198417482,444564.660248205
210012.74407100579,444504.58271505154
210019.85467110758,444513.1075914161
210028.33297975594,444491.0299744707
210035.61875220877,444499.7711713667
210114.9511804774,444590.26276241784
210115.50859122915,444612.55137967336
210105.34298785366,444621.12937471387
210027.61865953656,444522.4210223446
210043.4771172093,444509.19289394823
210056.25575106955,444620.71959866345
210038.47021913232,444600.0474077445
210006.74550033055,444565.9417396472
209977.6122711457,444532.05280667316
210071.86814543293,444614.4780824989
210018.35010188998,444561.9906378481
210035.78271311516,444570.73137200985
210064.3929361839,444605.66117498575
210046.84489190453,444609.8003961374
210043.19973596453,444580.66270396917
210016.63818328,444576.0597884774
209990.84390517554,444513.3809372729
209982.2993085136,444520.786860463
209993.78268689965,444550.9583989263
210003.18836127553,444589.6462818046
210017.3786856683,444606.1071503568
210034.65230868172,444626.14252695144
209919.26077547134,444513.3409613779
209911.49374002762,444508.03328232624
209887.87083900234,444491.8321122811
209879.74468402733,444486.27739483473
209895.85000678906,444497.28368443705
209903.70794017735,444502.6605422331
209927.1855439449,444518.7096477138
209935.22114598908,444524.2039950818
209943.15031524518,444529.6224796344
209950.9529773144,444535.0080960276
209958.4538403505,444541.36443191604
209966.87041755402,444549.0212988446
209976.62379091285,444558.47228403663
209956.3601045661,444641.13315582334
209933.1850646509,444621.39517460286
209904.58399342114,444603.64798769774
209911.7087335954,444595.0867105254
209924.84504746035,444606.5899199842
209918.57008204525,444616.1043089857
209943.12527467485,444630.09165484813
209918.1084404217,444665.32933415525
209910.9859772112,444658.64293726935
209903.7134307394,444651.7938990708
209892.65498242062,444641.3626830496
209888.73300515092,444617.04061180016
209896.28158733278,444623.33371569146
209903.60661281124,444629.7186791385
209910.88387033387,444636.1457907935
209918.1705053773,444642.5652625469
209925.4387311265,444648.9524124029
209932.70176823981,444655.2844898229
209940.23995163146,444661.8923928558
209880.37209933408,444629.5450088589
209849.9308915404,444631.5193587749
209839.0791843526,444643.27254509606
209829.97919448896,444634.91039497126
209841.8399254176,444622.0612379233
209860.13051703322,444591.36805540783
209866.20274399567,444584.429769244
209872.27491005635,444577.4900802092
209878.34572305824,444570.5508057827
209892.05000000002,444582.42000000004
209885.97933022826,444589.3590821397
209879.9055200121,444596.2988679424
209873.84117932073,444603.24746634293
209769.30698743608,444722.69597586273
209777.29545215645,444713.5550699652
209785.38981250327,444704.3094292302
209792.54803955753,444696.125135598
209807.41376717234,444679.1389570611
209815.82409382545,444669.52881639014
209825.042881814,444658.557337935
209753.0727852758,444741.2452820817
209762.27755990863,444730.7245877962
209799.65445774767,444688.00223136396
209760.53469211585,444767.8287893803
209770.12659932906,444779.5538793933
209785.0223400215,444763.3496811995
209778.64567831423,444746.36411948566
209789.06036281126,444734.40652033885
209777.45809867434,444771.59860087204
209816.85014678986,444728.6964847201
209804.50122446782,444716.6896457417
209824.80927888452,444716.82515279355
209813.89833305273,444706.0334024574
209792.65030433648,444755.027083323
209800.0944261267,444746.90502812166
209807.5204455224,444738.7916257345
209767.99537842855,444758.58933953004
209796.31903345176,444726.0823116447
209796.4242078017,444809.0610117155
209806.65435679595,444798.5663287506
209795.80155551218,444785.2138458511
209804.7385937582,444775.9408626296
209816.58725392178,444788.2962509455
209827.53612865,444781.04889329744
209819.2654428813,444764.9978975547
209839.03423095157,444769.1628461956
209832.16682560285,444751.6543850205
209850.69958803523,444757.1060025215
209859.2353679185,444745.3834569824
209846.13447665147,444735.83648446243
209845.503625637,444718.6743134713
209860.6140576749,444699.24273316923
209875.39115922348,444707.13635409804
209840.71495189363,444699.94419706834
209854.15016590816,444688.96953034285
209846.79803365594,444681.56518581166
209839.2884241371,444674.1434391995
209870.21017721645,444732.3725105673
209833.60653159645,444693.74766966596
209844.78850320308,444708.1226311176
209861.41258122976,444713.3618220302
209875.6471867484,444719.421402343
209839.72230169133,444743.7571388025
209849.5196874013,444728.25079073955
209740.9310459799,444909.23668613675
209748.77925923586,444895.5318857555
209764.91305219044,444888.9872553274
209777.33447138767,444879.3455290263
209798.42743712803,444862.969653096
209792.13931884468,444834.4615252849
209749.91567211555,444785.80834186275
209733.59442851038,444767.01336762303
209723.74331541228,444778.8219918022
209774.74237929666,444862.96588131995
209753.14100888165,444879.7242239637
209737.02067144332,444882.0143327343
209713.90137094152,444855.3587528264
209706.03556814042,444846.2948948084
209698.17459243073,444837.22574091476
209690.30609094404,444828.1569640565
209682.4170814922,444819.06046107627
209729.3894638081,444873.22527637467
209721.69719617907,444864.3362876004
209762.7392108819,444872.23365690594
209733.06626469453,444900.6235324283
209788.02522613233,444871.0018049798
209741.4112170998,444776.0103964977
209758.377350244,444795.5500108599
209766.78631188362,444805.2486156439
209801.93660792234,444845.744598484
209732.68149887345,444789.1230277181
209741.389487244,444799.1548959991
209750.11544607146,444809.20954112546
209786.25368421403,444850.7363224596
209775.60075169592,444838.5720769525
209762.93059725608,444823.97479969834
209782.4283407463,444823.27579353633
209701.3908903096,444808.59924479714
209757.48208288522,444850.2309208695
209739.43557954623,444829.2498271404
209693.39958421647,444799.39544102165
209710.24478746625,444818.79812512035
209719.08991287433,444829.0069496879
209736.2984976382,444848.8266317903
209745.41288884028,444858.9448544467
209730.77070917343,444819.2698718985
209722.10101684745,444809.2791239638
209713.43095602226,444799.2890635139
209748.36027082108,444839.54394513095
209764.3402653303,444937.3927512394
209787.17651821283,444919.93808134436
209799.13479633816,444910.62159518065
209810.38510043276,444901.85032574617
209812.4299851672,444879.39157110226
209800.40016271215,444888.77219366643
209788.6156712496,444897.9571838922
209777.0596399501,444906.9629033524
209754.1434830315,444924.9612039134
209823.82762429965,444870.84789491026
209827.9805449132,444888.05851319665
209775.3899324407,444929.12331956654
209765.27015130175,444916.1492539525
209809.8837628264,444953.66876830097
209848.88176998007,444924.3429746498
209842.75281965276,444906.35209777695
209823.93809028287,444920.871098827
209812.08536321868,444930.12136209384
209800.231450448,444939.37287425355
209800.35476297408,444960.89198270213
209789.9999884387,444947.39862203295
209819.89492990953,444946.1335327546
209839.207702952,444931.7320202433
209858.82879414244,444914.9848514202
209828.38925892505,444981.99311470496
209842.47241501114,444971.7598172833
209856.95445928094,444961.2384733047
209871.8093067614,444950.4661805735
209885.67344422525,444939.61751315923
209897.3480507709,444928.712050688
209906.54139134966,444916.734482154
209895.39090051228,444901.988908243
209884.65740617824,444888.6460266327
209867.2098220001,444867.94164196425
209845.06856436236,444853.12446800707
209848.05546644743,444824.9003402592
209842.28795986625,444815.36505433335
209853.69914246746,444806.2032100482
209862.5785652255,444813.5793257883
209870.7964663304,444799.64678688056
209887.25333317756,444794.30500074837
209900.60331110036,444783.4920023199
209847.76838577358,444789.9709105645
209838.62787513324,444798.19592631503
209826.17904925867,444809.3986758619
209811.69734166644,444822.5934659405
209860.62090158448,444881.80478883797
209873.89149704776,444898.38037951896
209884.43686787703,444913.47883506445
209876.57351926973,444926.85410242423
209863.73981611096,444940.0225401468
209848.195595766,444951.3580357425
209831.9847994951,444963.13424318057
209818.6765871407,444972.803494464
209875.26768109735,444877.2459710681
209896.13304613557,444774.1725764293
209882.3172130747,444784.3779410977
209858.0215074985,444780.7551656681
209825.73823024807,444831.06056155363
209869.9998919971,445006.5411851368
209918.49853844167,444976.00142484816
209932.87175538528,444969.9045834578
209948.41568650625,444963.23767198983
209964.6106364449,444949.44619000924
209905.73668834756,444867.6907173227
209901.39186929772,444850.19288338517
209890.9899319367,444838.14143551607
209880.42643091275,444826.4798876643
209867.9133552646,444836.4004338839
209878.42860751983,444848.51230417204
209888.83056031424,444860.5671314237
209910.12887343086,444885.2373204254
209920.84194040875,444897.8955521381
209931.12259110025,444909.991252
209945.4487467296,444922.3458249375
209955.97998519053,444935.99413031986
209932.28715329312,444935.9146555418
209919.02721741697,444941.1024966344
209922.06807436564,444954.56540153635
209907.96766593048,444955.3091477321
209898.4956782945,444961.75311100244
209888.6088858359,444968.4704743227
209878.33364850935,444975.45636059035
209863.92562125373,444985.37959868007
209878.53261594387,445001.425483231
209942.96870166287,444954.4543806101
209937.14440371486,444945.4802039067
209983.0792994509,444667.22414919466
209952.20847870447,445008.42928000004
209974.2151368368,444971.60350038897
210006.43544482536,445013.36997927487
210000.1136239624,445003.4407545256
209994.23951486935,444992.0990462467
209963.0781037154,445001.50303074264
209970.3336409979,444996.8838748394
209977.6031829626,444992.2870287334
209983.49492434642,444965.69494440954
209865.09568278544,445067.89354632434
209839.77031000223,444996.51775606384
209854.99245988423,445020.4140145596
209875.3241485321,445057.369343852
209862.04372746678,445031.4075938415
209871.19692151534,445039.86568269297
209883.47530228994,445029.3434634936
209833.37871428137,445019.3063088803
209847.72268152988,445009.05399059155
209893.4445328325,445022.995345972
209858.55635058487,445058.23931316996
209852.3661259768,445048.65968724305
209846.11585404535,445039.0085640461
209839.81889067017,445029.27549638355
209884.9093355728,445051.26627524657
209894.44816090266,445045.1898426852
209903.97378226486,445039.1032170807
209980.08698034802,445020.2012876387
209940.57601083379,445045.2118390797
209911.40550084983,445063.7806670471
209890.09138362095,445077.353468141
209864.01479040654,445093.94452673115
209837.3617752038,445111.20330352685
209921.38635444405,445057.4269391922
209931.30649991526,445051.1121666282
209949.19689578263,445039.7230026637
209957.8168173748,445034.23741332744
209846.37659003842,445105.1715594377
209855.37384498527,445099.44026826264
209872.29977114554,445088.6698650706
209880.58532707114,445083.3952551891
209900.91387039644,445070.44937352324
209827.88330609974,445089.6280645033
209844.27063858163,445081.17058986414
209821.2933502866,445045.2638679663
209816.08398316815,445037.2168905605
209803.32484954264,445052.01998314745
209814.56961139667,445069.3902766339
209838.3106982862,445071.5435062034
209832.49443307065,445062.5618921089
209826.6811883825,445053.5807059874
209808.98950473376,445060.770300259
209820.4743712841,445078.5103219809
209810.61906698337,445028.77684297535
209800.74076921772,445119.08898562466
209787.15006975582,445098.0946128888
209800.1956306705,445089.739789593
209813.81555469194,445110.7746723748
209807.999916457,445130.2998866357
209773.0995267461,445076.38733234
209780.70336466294,445059.6311260642
209786.7049530639,445068.9005313019
209794.01883132773,445108.7018757814
209780.1395305737,445087.26499052666
209793.18438757348,445078.91036398156
209807.0904454058,445100.3898276012
209917.4781974443,445253.6772409771
209899.33534465925,445262.95178588905
209878.2876056823,445273.70760491514
209860.9066952358,445277.1023199652
209928.63610677578,445247.97499553673
209826.78534844014,445208.0339789774
209832.1522466005,445218.8988505899
209874.15607956608,445255.0344967711
209886.5995235636,445246.50981781166
209897.72683522943,445240.60872634617
209890.82953614934,445225.9971236531
209867.47589967205,445207.3245926567
209861.23017631692,445194.68367200147
209850.08600984557,445172.1068106204
209837.36722612195,445181.11890829453
209842.8275516006,445192.17648956017
209855.41261975138,445182.90561760514
209860.6623244775,445228.27532176743
209880.50867944516,445232.5887644954
209873.49412863335,445220.84304195794
209907.02484662217,445235.78293746227
209900.09075586134,445221.11069847434
209867.895247331,445242.9090243555
209848.518390954,445203.6982047413
209854.20286858204,445215.21130977373
209885.0402597231,445187.92522855476
209878.58801204298,445175.05463850964
209871.68402595317,445161.2885811237
209896.02691498384,445197.59736861574
209930.05624125202,445128.2093333433
209950.11569174615,445115.4361417706
209989.21552569856,445090.55006867624
210001.9169148991,445082.2476076826
209959.44658834444,445109.49811755965
209968.76766283522,445103.56313687796
209978.07639597752,445097.63781356317
209940.3182577321,445121.6696651305
209955.14034301444,445165.6404532029
209984.38855092044,445150.23379528604
210007.03676696334,445138.26756764075
210076.88170894148,445100.8913027896
209950.341587827,445145.7202083871
210016.7407413,445133.0963340873
210026.49073681407,445127.9035868383
210036.2443474623,445122.5819580607
209964.45660576996,445160.73079088394
209973.78556687152,445155.81587623025
209962.51602077333,445138.37178672856
209945.4241033854,445170.7552431721
209996.25863267176,445143.97417323606
210029.6305579249,445151.09617975954
210022.37819367583,445175.1074316778
210015.95234593868,445168.65415019466
210010.96572767198,445159.2967696379
209973.6248144493,445208.6257304309
209996.4860814365,445192.2472448089
210007.4087272062,445184.22917590005
210000.0028238752,445169.8357458687
209986.24248348907,445178.37981196895
209976.14323783581,445184.5187965131
209965.43066842254,445198.62247517344
209958.03715746966,445188.46020085906
210043.85138476876,445152.9610587491
210077.19570332934,445129.6329565471
210035.75331563826,445061.41044512653
210064.4463632075,445058.5218362377
210117.03194528545,445052.3240181686
210111.92054137212,445081.4233237339
210049.1338949203,445049.4634937653
210051.29578872156,445060.4098651592
210082.34399860504,445067.9056463251
210076.48821871905,445058.4017674447
210091.01289035266,445051.1015312359
210097.41881368562,445060.834471569
210105.15673712853,445070.1683468284
210103.61707595547,445045.3275996395
210127.7075458563,445020.6849786765
210142.64215490455,445042.4255708905
210148.30412822874,445054.18320249656
210088.01172094254,445028.80093143997
210100.96973325484,445021.7027254702
210112.4058494226,445012.38355846837
210126.91526779957,445003.49442963616
210137.0197065401,445032.16119283234
210364.36282700216,444953.944594758
210350.36361356007,444961.0789045144
210336.3473059096,444968.22961299523
210287.78175926255,444992.99072104134
210268.55830452623,445002.79374267836
210299.09182275564,444987.22523860657
210310.3966422893,444981.4611742952
210321.55295686965,444975.7723198456
210342.12363236683,444933.7125956983
210303.23858979504,444958.5457580644
210319.31723826722,444947.948354296
210311.77189953235,444932.40379274753
210306.4907238397,444921.73930760415
210301.2112066406,444911.07434657385
210295.9313021979,444900.4091940952
210294.98034226688,444942.1565897942
210286.84931633683,444925.731045635
210250.14312900667,444952.4640183186
210174.83025624056,444554.0639996256
210166.9431962299,444543.1762119093
210088.72483865358,444444.0737323679
210080.0396126203,444435.85334508785
210234.87148434462,444590.6773908954
210246.2658584105,444575.00206026004
210259.05684651848,444564.3281441755
210260.61426895758,444545.0559934286
210243.02077399965,444432.29816337477
210239.92626462242,444438.6927704151
210235.3505751242,444447.3862036242
210226.07051538705,444457.7976653282
210222.8048870654,444441.384819503
210228.66454114544,444430.14038223325
210225.62371474438,444410.7235147955
210213.05507376007,444404.81669425516
210212.64389824498,444423.04577052244
210181.54850773347,444548.1003846931
210172.64932569946,444536.91837063903
210178.8932479727,444528.0945109715
210190.2742686576,444527.39153969026
210190.79526935372,444514.94332616363
210196.30385297872,444501.46056747914
210209.2002837113,444503.1832327542
210203.55000000005,444486.5150000001
210183.988275254,444479.7563532756
210154.4255688664,444522.10402168625
210169.12590386742,444469.73391496064
210148.3876013629,444500.1417780282
210157.50026045376,444486.75996057043
210163.21318742706,444510.21687987284
210172.34769067154,444496.8067476279
210141.5808867644,444510.1946922857
210127.63142728538,444485.61724027334
210134.8553301482,444474.0894136081
210141.25840980397,444464.7671288066
210148.7860602387,444455.67360011727
210156.4563355319,444445.60196743143
210142.96039313215,444433.62541782844
210136.48638760578,444442.9644664255
210128.43157390915,444451.731750361
210100.30760979364,444452.7013928099
210107.32862650673,444442.10361976945
210114.70901503816,444431.28437071765
210107.74373550666,444389.0020765893
210097.92095982784,444403.5769464296
210110.60361658796,444411.0404355475
210122.4925513521,444418.9379993431
210131.0581038037,444406.29324684374
210119.3696574415,444398.0134835083
210094.93240951668,444419.60239489994
210081.4419769976,444427.6955156677
210093.70867138906,444436.2871768495
210073.34497592883,444307.66377429344
210106.39844714818,444267.9234338472
210131.0352040072,444260.88679444924
210136.59155393118,444279.09910518833
210145.11830229958,444271.75675684283
210145.20470189993,444296.7055996039
210135.83616971024,444314.76970844
210107.47072666406,444320.276683619
210121.9526839938,444266.96736178384
210198.29056570004,444285.2498528041
210192.44501956872,444269.51455118076
210176.64109963604,444267.2022462147
210167.52816773788,444259.7031086975
210158.80165290303,444252.5536373394
210148.77564993576,444244.2021528313
210153.31640053238,444225.80990038323
210161.44973412884,444232.5184289611
210169.22533087357,444238.95457006304
210177.8551467365,444246.0980153656
210187.53018010425,444253.99292387586
210208.99927101887,444271.9065976022
210194.85,444278.7533333333
210224.96434487365,444253.9472413602
210215.41242980392,444248.2624251709
210204.7702238923,444240.56702739146
210190.64637901628,444228.9773153765
210185.8903895187,444220.36079174874
210177.00345878574,444215.4863577731
210169.09459765092,444208.9214495127
210185.38660253581,444200.1605485068
210194.0644651863,444205.9314828746
210199.31387007242,444214.3757137552
210208.2222832429,444214.02667123964
210216.62441164747,444221.4787831401
210204.35388718464,444225.35671288334
210217.13330730505,444236.52128371946
210227.97949541418,444233.6330220366
210208.2011254008,444193.11146201193
210139.19500719526,444132.69333195983
210148.56702168164,444140.42581498134
210157.0527531691,444147.4245024607
210015.35522903476,444135.9204040739
210042.60844434175,444128.6675567319
210121.555,444147.5749999999
210083.94233538746,444141.240582698
210072.80286632915,444144.75061365496
210061.02959627492,444147.77254637197
210084.09441855055,444159.41276249127
210098.1356040993,444154.0314597211
210110.0188034693,444160.3563665422
210093.80497356836,444138.13480743975
210122.5981393612,444199.9775113766
210114.55263943097,444193.26661065297
210105.22773757586,444185.5390447147
210093.51571126728,444177.3796260206
210086.51523636724,444192.20256374124
210095.7298527597,444199.8484421389
210104.03849026005,444206.73114862596
210111.96723969374,444213.29045724624
209906.49689456896,444307.11490491295
209917.21428616424,444299.48230078386
209925.8363067686,444288.4446366121
209934.43589632923,444277.4874545049
209942.8129896939,444266.7593907537
209924.51993658143,444264.76309269614
209916.0315976517,444275.94580353296
209907.45201115168,444287.01886276546
209869.66378160467,444246.2489168646
209878.56936724292,444234.61711778725
209887.46517315705,444223.0343900954
